n : 39
m : 8
L0 : 96
LNP1 : 216

 A : [ (1) 107
 (2) 115
 (3) 116
 (4) 117
 (5) 117
 (6) 118
 (7) 120
 (8) 120
 (9) 130
 (10) 130
 (11) 132
 (12) 133
 (13) 135
 (14) 136
 (15) 142
 (16) 146
 (17) 148
 (18) 149
 (19) 151
 (20) 154
 (21) 154
 (22) 156
 (23) 158
 (24) 164
 (25) 165
 (26) 168
 (27) 169
 (28) 170
 (29) 175
 (30) 176
 (31) 178
 (32) 179
 (33) 183
 (34) 186
 (35) 191
 (36) 191
 (37) 193
 (38) 197
 (39) 197
] 

 D : [ (1) 121
 (2) 127
 (3) 131
 (4) 130
 (5) 143
 (6) 131
 (7) 131
 (8) 139
 (9) 152
 (10) 145
 (11) 141
 (12) 165
 (13) 148
 (14) 149
 (15) 156
 (16) 160
 (17) 161
 (18) 163
 (19) 158
 (20) 166
 (21) 164
 (22) 169
 (23) 171
 (24) 174
 (25) 173
 (26) 182
 (27) 181
 (28) 191
 (29) 202
 (30) 190
 (31) 193
 (32) 194
 (33) 198
 (34) 201
 (35) 203
 (36) 208
 (37) 206
 (38) 210
 (39) 209
] 

 P : [ (1 1) 0  (1 2) 1  (1 3) 1  (1 4) 0  (1 5) 1  (1 6) 1  (1 7) 1  (1 8) 1 
 (2 1) 0  (2 2) 1  (2 3) 1  (2 4) 0  (2 5) 1  (2 6) 1  (2 7) 1  (2 8) 1 
 (3 1) 0  (3 2) 1  (3 3) 1  (3 4) 0  (3 5) 1  (3 6) 1  (3 7) 1  (3 8) 1 
 (4 1) 1  (4 2) 1  (4 3) 1  (4 4) 0  (4 5) 1  (4 6) 1  (4 7) 1  (4 8) 1 
 (5 1) 0  (5 2) 1  (5 3) 1  (5 4) 0  (5 5) 1  (5 6) 1  (5 7) 1  (5 8) 1 
 (6 1) 0  (6 2) 1  (6 3) 1  (6 4) 0  (6 5) 1  (6 6) 1  (6 7) 1  (6 8) 1 
 (7 1) 0  (7 2) 0  (7 3) 1  (7 4) 1  (7 5) 1  (7 6) 1  (7 7) 1  (7 8) 1 
 (8 1) 0  (8 2) 1  (8 3) 1  (8 4) 0  (8 5) 1  (8 6) 1  (8 7) 1  (8 8) 1 
 (9 1) 0  (9 2) 1  (9 3) 1  (9 4) 0  (9 5) 1  (9 6) 1  (9 7) 1  (9 8) 1 
 (10 1) 0  (10 2) 1  (10 3) 1  (10 4) 0  (10 5) 1  (10 6) 1  (10 7) 1  (10 8) 1 
 (11 1) 1  (11 2) 1  (11 3) 1  (11 4) 1  (11 5) 1  (11 6) 1  (11 7) 1  (11 8) 1 
 (12 1) 1  (12 2) 1  (12 3) 1  (12 4) 0  (12 5) 1  (12 6) 1  (12 7) 1  (12 8) 1 
 (13 1) 0  (13 2) 1  (13 3) 1  (13 4) 0  (13 5) 1  (13 6) 1  (13 7) 1  (13 8) 1 
 (14 1) 0  (14 2) 1  (14 3) 1  (14 4) 0  (14 5) 1  (14 6) 1  (14 7) 1  (14 8) 1 
 (15 1) 0  (15 2) 1  (15 3) 1  (15 4) 0  (15 5) 1  (15 6) 1  (15 7) 1  (15 8) 1 
 (16 1) 1  (16 2) 1  (16 3) 1  (16 4) 1  (16 5) 1  (16 6) 1  (16 7) 1  (16 8) 1 
 (17 1) 1  (17 2) 1  (17 3) 1  (17 4) 0  (17 5) 1  (17 6) 1  (17 7) 1  (17 8) 1 
 (18 1) 0  (18 2) 1  (18 3) 1  (18 4) 0  (18 5) 1  (18 6) 1  (18 7) 1  (18 8) 1 
 (19 1) 1  (19 2) 1  (19 3) 1  (19 4) 0  (19 5) 1  (19 6) 1  (19 7) 1  (19 8) 1 
 (20 1) 0  (20 2) 1  (20 3) 1  (20 4) 0  (20 5) 1  (20 6) 1  (20 7) 1  (20 8) 1 
 (21 1) 1  (21 2) 1  (21 3) 1  (21 4) 0  (21 5) 1  (21 6) 1  (21 7) 1  (21 8) 1 
 (22 1) 0  (22 2) 1  (22 3) 1  (22 4) 0  (22 5) 1  (22 6) 1  (22 7) 1  (22 8) 1 
 (23 1) 1  (23 2) 1  (23 3) 1  (23 4) 0  (23 5) 1  (23 6) 1  (23 7) 1  (23 8) 1 
 (24 1) 0  (24 2) 1  (24 3) 1  (24 4) 0  (24 5) 1  (24 6) 1  (24 7) 1  (24 8) 1 
 (25 1) 0  (25 2) 1  (25 3) 1  (25 4) 0  (25 5) 1  (25 6) 1  (25 7) 1  (25 8) 1 
 (26 1) 0  (26 2) 1  (26 3) 1  (26 4) 0  (26 5) 1  (26 6) 1  (26 7) 1  (26 8) 1 
 (27 1) 0  (27 2) 0  (27 3) 1  (27 4) 1  (27 5) 1  (27 6) 1  (27 7) 1  (27 8) 1 
 (28 1) 0  (28 2) 1  (28 3) 1  (28 4) 0  (28 5) 1  (28 6) 1  (28 7) 1  (28 8) 1 
 (29 1) 0  (29 2) 1  (29 3) 1  (29 4) 0  (29 5) 1  (29 6) 1  (29 7) 1  (29 8) 1 
 (30 1) 1  (30 2) 1  (30 3) 1  (30 4) 0  (30 5) 1  (30 6) 1  (30 7) 1  (30 8) 1 
 (31 1) 0  (31 2) 1  (31 3) 1  (31 4) 0  (31 5) 1  (31 6) 1  (31 7) 1  (31 8) 1 
 (32 1) 1  (32 2) 1  (32 3) 1  (32 4) 0  (32 5) 1  (32 6) 1  (32 7) 1  (32 8) 1 
 (33 1) 0  (33 2) 0  (33 3) 0  (33 4) 1  (33 5) 0  (33 6) 0  (33 7) 0  (33 8) 0 
 (34 1) 0  (34 2) 1  (34 3) 1  (34 4) 0  (34 5) 1  (34 6) 1  (34 7) 1  (34 8) 1 
 (35 1) 0  (35 2) 1  (35 3) 1  (35 4) 0  (35 5) 1  (35 6) 1  (35 7) 1  (35 8) 1 
 (36 1) 0  (36 2) 1  (36 3) 1  (36 4) 0  (36 5) 1  (36 6) 1  (36 7) 1  (36 8) 1 
 (37 1) 1  (37 2) 1  (37 3) 1  (37 4) 1  (37 5) 1  (37 6) 1  (37 7) 1  (37 8) 1 
 (38 1) 1  (38 2) 1  (38 3) 1  (38 4) 0  (38 5) 1  (38 6) 1  (38 7) 1  (38 8) 1 
 (39 1) 1  (39 2) 1  (39 3) 1  (39 4) 1  (39 5) 1  (39 6) 1  (39 7) 1  (39 8) 1 
]