n : 45
m : 9
L0 : 96
LNP1 : 216

 A : [ (1) 107
 (2) 107
 (3) 115
 (4) 116
 (5) 117
 (6) 118
 (7) 119
 (8) 120
 (9) 126
 (10) 130
 (11) 131
 (12) 132
 (13) 134
 (14) 136
 (15) 137
 (16) 139
 (17) 141
 (18) 148
 (19) 149
 (20) 150
 (21) 151
 (22) 154
 (23) 155
 (24) 155
 (25) 156
 (26) 158
 (27) 159
 (28) 164
 (29) 165
 (30) 169
 (31) 170
 (32) 172
 (33) 173
 (34) 176
 (35) 176
 (36) 176
 (37) 177
 (38) 180
 (39) 186
 (40) 190
 (41) 192
 (42) 193
 (43) 195
 (44) 196
 (45) 197
] 

 D : [ (1) 121
 (2) 139
 (3) 127
 (4) 128
 (5) 130
 (6) 131
 (7) 131
 (8) 131
 (9) 149
 (10) 145
 (11) 150
 (12) 141
 (13) 151
 (14) 149
 (15) 157
 (16) 154
 (17) 156
 (18) 161
 (19) 163
 (20) 170
 (21) 158
 (22) 166
 (23) 167
 (24) 175
 (25) 169
 (26) 171
 (27) 173
 (28) 174
 (29) 173
 (30) 181
 (31) 191
 (32) 185
 (33) 192
 (34) 193
 (35) 215
 (36) 190
 (37) 193
 (38) 198
 (39) 201
 (40) 202
 (41) 205
 (42) 206
 (43) 211
 (44) 211
 (45) 211
] 

 P : [ (1 1) 0  (1 2) 1  (1 3) 1  (1 4) 0  (1 5) 1  (1 6) 1  (1 7) 1  (1 8) 1  (1 9) 1 
 (2 1) 1  (2 2) 1  (2 3) 1  (2 4) 0  (2 5) 1  (2 6) 1  (2 7) 1  (2 8) 1  (2 9) 1 
 (3 1) 0  (3 2) 1  (3 3) 1  (3 4) 0  (3 5) 1  (3 6) 1  (3 7) 1  (3 8) 1  (3 9) 1 
 (4 1) 1  (4 2) 1  (4 3) 1  (4 4) 1  (4 5) 1  (4 6) 1  (4 7) 1  (4 8) 1  (4 9) 0 
 (5 1) 1  (5 2) 1  (5 3) 1  (5 4) 0  (5 5) 1  (5 6) 1  (5 7) 1  (5 8) 1  (5 9) 1 
 (6 1) 0  (6 2) 1  (6 3) 1  (6 4) 0  (6 5) 1  (6 6) 1  (6 7) 1  (6 8) 1  (6 9) 1 
 (7 1) 0  (7 2) 1  (7 3) 1  (7 4) 0  (7 5) 1  (7 6) 1  (7 7) 1  (7 8) 1  (7 9) 1 
 (8 1) 0  (8 2) 0  (8 3) 1  (8 4) 1  (8 5) 1  (8 6) 1  (8 7) 1  (8 8) 1  (8 9) 1 
 (9 1) 1  (9 2) 1  (9 3) 1  (9 4) 0  (9 5) 1  (9 6) 1  (9 7) 1  (9 8) 1  (9 9) 1 
 (10 1) 0  (10 2) 1  (10 3) 1  (10 4) 0  (10 5) 1  (10 6) 1  (10 7) 1  (10 8) 1  (10 9) 1 
 (11 1) 0  (11 2) 0  (11 3) 0  (11 4) 1  (11 5) 0  (11 6) 0  (11 7) 0  (11 8) 0  (11 9) 0 
 (12 1) 1  (12 2) 1  (12 3) 1  (12 4) 1  (12 5) 1  (12 6) 1  (12 7) 1  (12 8) 1  (12 9) 0 
 (13 1) 1  (13 2) 1  (13 3) 1  (13 4) 0  (13 5) 1  (13 6) 1  (13 7) 1  (13 8) 1  (13 9) 1 
 (14 1) 0  (14 2) 1  (14 3) 1  (14 4) 0  (14 5) 1  (14 6) 1  (14 7) 1  (14 8) 1  (14 9) 1 
 (15 1) 0  (15 2) 1  (15 3) 1  (15 4) 0  (15 5) 1  (15 6) 1  (15 7) 1  (15 8) 1  (15 9) 1 
 (16 1) 1  (16 2) 1  (16 3) 1  (16 4) 0  (16 5) 1  (16 6) 1  (16 7) 1  (16 8) 1  (16 9) 1 
 (17 1) 1  (17 2) 1  (17 3) 1  (17 4) 0  (17 5) 1  (17 6) 1  (17 7) 1  (17 8) 1  (17 9) 1 
 (18 1) 1  (18 2) 1  (18 3) 1  (18 4) 0  (18 5) 1  (18 6) 1  (18 7) 1  (18 8) 1  (18 9) 1 
 (19 1) 0  (19 2) 1  (19 3) 1  (19 4) 0  (19 5) 1  (19 6) 1  (19 7) 1  (19 8) 1  (19 9) 1 
 (20 1) 1  (20 2) 1  (20 3) 1  (20 4) 1  (20 5) 1  (20 6) 1  (20 7) 1  (20 8) 1  (20 9) 0 
 (21 1) 1  (21 2) 1  (21 3) 1  (21 4) 0  (21 5) 1  (21 6) 1  (21 7) 1  (21 8) 1  (21 9) 1 
 (22 1) 0  (22 2) 1  (22 3) 1  (22 4) 0  (22 5) 1  (22 6) 1  (22 7) 1  (22 8) 1  (22 9) 1 
 (23 1) 1  (23 2) 1  (23 3) 1  (23 4) 0  (23 5) 1  (23 6) 1  (23 7) 1  (23 8) 1  (23 9) 1 
 (24 1) 1  (24 2) 1  (24 3) 1  (24 4) 0  (24 5) 1  (24 6) 1  (24 7) 1  (24 8) 1  (24 9) 1 
 (25 1) 0  (25 2) 1  (25 3) 1  (25 4) 0  (25 5) 1  (25 6) 1  (25 7) 1  (25 8) 1  (25 9) 1 
 (26 1) 1  (26 2) 1  (26 3) 1  (26 4) 0  (26 5) 1  (26 6) 1  (26 7) 1  (26 8) 1  (26 9) 1 
 (27 1) 1  (27 2) 1  (27 3) 1  (27 4) 0  (27 5) 1  (27 6) 1  (27 7) 1  (27 8) 1  (27 9) 1 
 (28 1) 0  (28 2) 1  (28 3) 1  (28 4) 0  (28 5) 1  (28 6) 1  (28 7) 1  (28 8) 1  (28 9) 1 
 (29 1) 0  (29 2) 1  (29 3) 1  (29 4) 0  (29 5) 1  (29 6) 1  (29 7) 1  (29 8) 1  (29 9) 1 
 (30 1) 0  (30 2) 0  (30 3) 1  (30 4) 1  (30 5) 1  (30 6) 1  (30 7) 1  (30 8) 1  (30 9) 1 
 (31 1) 0  (31 2) 1  (31 3) 1  (31 4) 0  (31 5) 1  (31 6) 1  (31 7) 1  (31 8) 1  (31 9) 1 
 (32 1) 0  (32 2) 1  (32 3) 1  (32 4) 0  (32 5) 1  (32 6) 1  (32 7) 1  (32 8) 1  (32 9) 1 
 (33 1) 0  (33 2) 0  (33 3) 0  (33 4) 1  (33 5) 0  (33 6) 0  (33 7) 0  (33 8) 0  (33 9) 0 
 (34 1) 0  (34 2) 1  (34 3) 1  (34 4) 0  (34 5) 1  (34 6) 1  (34 7) 1  (34 8) 1  (34 9) 1 
 (35 1) 0  (35 2) 1  (35 3) 1  (35 4) 0  (35 5) 1  (35 6) 1  (35 7) 1  (35 8) 1  (35 9) 1 
 (36 1) 1  (36 2) 1  (36 3) 1  (36 4) 0  (36 5) 1  (36 6) 1  (36 7) 1  (36 8) 1  (36 9) 1 
 (37 1) 1  (37 2) 1  (37 3) 1  (37 4) 0  (37 5) 1  (37 6) 1  (37 7) 1  (37 8) 1  (37 9) 1 
 (38 1) 0  (38 2) 1  (38 3) 1  (38 4) 0  (38 5) 1  (38 6) 1  (38 7) 1  (38 8) 1  (38 9) 1 
 (39 1) 0  (39 2) 1  (39 3) 1  (39 4) 0  (39 5) 1  (39 6) 1  (39 7) 1  (39 8) 1  (39 9) 1 
 (40 1) 0  (40 2) 1  (40 3) 1  (40 4) 0  (40 5) 1  (40 6) 1  (40 7) 1  (40 8) 1  (40 9) 1 
 (41 1) 1  (41 2) 1  (41 3) 1  (41 4) 0  (41 5) 1  (41 6) 1  (41 7) 1  (41 8) 1  (41 9) 1 
 (42 1) 1  (42 2) 1  (42 3) 1  (42 4) 1  (42 5) 1  (42 6) 1  (42 7) 1  (42 8) 1  (42 9) 0 
 (43 1) 1  (43 2) 1  (43 3) 1  (43 4) 0  (43 5) 1  (43 6) 1  (43 7) 1  (43 8) 1  (43 9) 1 
 (44 1) 0  (44 2) 0  (44 3) 0  (44 4) 1  (44 5) 0  (44 6) 0  (44 7) 0  (44 8) 0  (44 9) 0 
 (45 1) 1  (45 2) 1  (45 3) 1  (45 4) 0  (45 5) 1  (45 6) 1  (45 7) 1  (45 8) 1  (45 9) 1 
]